02.87
02.87
02.83
02.83
02.83
02.83
02.83
02.83
02.89
02.89
02.89
02.89
02.86
02.86
02.86
02.86
02.86
02.86
02.82
02.82
02.82
02.82
02.86
02.86
02.86
02.86
02.86
02.93
02.93
02.93
02.93
02.93
02.93
02.87
02.87
02.87
02.87
02.87
02.87
02.87
02.87
02.87
02.83
02.83
02.83
02.83
02.83
02.91
02.91
02.91
02.91
02.91
02.87
02.87
02.87
02.87
02.87
02.88
02.88
02.88
02.88
02.88
02.91
02.91
02.91
02.91
02.91
02.89
02.89
02.89
02.89
02.86
02.86
02.86
02.86
02.86
02.87
02.87
02.87
02.87
02.87
02.83
02.83
02.83
02.83
02.83
02.90
02.90
02.90
02.90
02.90
02.82
02.82
02.82
02.82
02.82
02.91
02.91
02.91
02.91
02.91
02.86
02.86
02.86
02.86
02.86
02.89
02.89
02.89
02.89
02.89
02.84
02.84
02.84
02.84
02.84
02.84
02.84
02.84
02.84
02.84
02.91
02.91
02.91
02.91
02.91
02.82
02.82
02.82
02.82
02.82
02.89
02.89
02.89
02.89
02.89
02.88
02.88
02.88
02.88
02.88
02.85
02.85
02.85
02.85
02.85
02.90
02.90
02.90
02.90
02.90
02.86
02.86
02.86
02.86
02.86
02.82
02.82
02.82
02.82
02.82
02.93
02.93
02.93
02.93
02.93
02.85
02.85
02.85
02.85
02.85
02.85
02.81
02.81
02.81
02.81
02.94
02.94
02.94
02.94
02.94
02.87
02.87
02.87
02.87
02.87
02.84
02.84
02.84
02.84
02.84
02.84
02.87
02.87
02.87
02.87
02.91
02.91
02.91
02.91
02.91
02.83
02.83
02.83
02.83
02.83
02.92
02.92
02.92
02.92
02.92
02.81
02.81
02.81
02.81
02.81
02.90
02.90
