72.28
63.35
63.35
63.35
63.35
63.35
64.07
64.07
64.07
64.07
64.07
71.43
71.43
71.43
71.43
71.43
71.96
71.96
71.96
71.96
71.96
61.51
61.51
61.51
61.51
61.51
64.43
64.43
64.43
64.43
64.43
70.68
70.68
70.68
70.68
72.72
72.72
72.72
72.72
72.72
72.72
72.29
72.29
72.29
72.29
72.29
70.83
70.83
70.83
70.83
70.83
66.63
66.63
66.63
66.63
66.63
69.47
69.47
69.47
69.47
69.47
72.24
72.24
72.24
72.24
72.24
62.13
62.13
62.13
62.13
62.13
57.28
57.28
57.28
57.28
57.28
56.81
56.81
56.81
56.81
56.81
64.08
64.08
64.08
64.08
64.08
55.61
55.61
55.61
55.61
55.61
55.95
55.95
55.95
55.95
55.93
55.73
55.73
55.73
55.73
55.73
55.78
55.78
55.78
55.78
55.78
58.34
58.34
58.34
58.34
58.34
71.01
71.01
71.01
71.01
66.30
66.30
66.30
66.30
66.30
66.30
73.89
73.89
73.89
73.89
73.89
68.93
68.93
68.93
68.93
68.52
67.52
67.52
67.52
67.52
67.52
73.75
73.75
73.75
73.75
73.75
62.82
62.82
62.82
62.82
66.93
66.93
66.93
66.93
66.93
58.97
58.97
58.97
58.97
58.97
62.34
62.34
62.34
62.34
62.34
69.55
69.55
69.55
69.55
69.55
63.45
63.45
63.45
63.45
63.45
69.70
69.70
69.70
69.70
69.70
69.23
69.23
69.23
69.23
69.14
72.14
72.14
72.14
72.14
72.14
74.82
74.82
74.82
74.82
74.82
64.18
64.18
64.18
64.18
64.18
70.69
70.69
70.69
70.69
70.69
