03.44
03.44
03.43
03.43
03.43
03.43
03.43
03.43
03.43
03.43
03.43
03.43
03.41
03.41
03.41
03.41
03.41
03.45
03.45
03.45
03.45
03.45
03.46
03.46
03.46
03.46
03.46
03.43
03.43
03.43
03.43
03.43
03.45
03.45
03.45
03.45
03.45
03.41
03.41
03.41
03.41
03.41
03.43
03.43
03.43
03.43
03.43
03.48
03.48
03.48
03.48
03.48
03.46
03.46
03.46
03.46
03.46
03.42
03.42
03.42
03.42
03.42
03.45
03.45
03.45
03.45
03.45
03.46
03.46
03.46
03.46
03.46
03.44
03.44
03.44
03.44
03.44
03.41
03.41
03.41
03.41
03.41
03.49
03.49
03.49
03.49
03.49
03.41
03.41
03.41
03.41
03.41
03.40
03.40
03.40
03.40
03.40
03.51
03.51
03.51
03.51
03.51
03.43
03.43
03.43
03.43
03.43
03.38
03.38
03.38
03.38
03.38
03.42
03.42
03.42
03.42
03.42
03.47
03.47
03.47
03.47
03.47
03.46
03.46
03.46
03.46
03.46
03.48
03.48
03.48
03.48
03.48
03.44
03.44
03.44
03.44
03.44
03.43
03.43
03.43
03.43
03.43
03.46
03.46
03.46
03.46
03.46
03.49
03.49
03.49
03.49
03.49
03.42
03.42
03.42
03.42
03.42
03.47
03.47
03.47
03.47
03.47
03.43
03.43
03.43
03.43
03.43
03.44
03.44
03.44
03.44
03.44
03.40
03.40
03.40
03.40
03.40
03.49
03.49
03.49
03.49
03.49
03.42
03.42
03.42
03.42
03.42
03.43
03.43
03.43
03.43
03.43
03.44
03.44
03.44
03.44
03.44
03.43
03.43
03.43
