41.21
41.21
41.21
41.25
41.25
41.25
41.25
41.25
41.37
41.37
41.37
41.37
41.37
41.23
41.23
41.23
41.23
41.23
56.38
56.38
56.38
56.38
56.38
45.82
45.82
45.82
45.82
45.82
44.90
44.90
44.90
44.90
44.90
43.04
43.04
43.04
43.04
43.04
42.04
42.04
42.04
42.04
42.04
41.35
41.35
41.35
41.35
41.35
41.17
41.17
41.17
41.17
41.17
41.07
41.07
41.07
41.07
41.07
41.23
41.23
41.23
41.23
41.23
41.14
41.14
41.14
41.14
41.14
41.25
41.25
41.25
41.25
41.25
41.29
41.29
41.29
41.29
41.29
41.22
41.22
41.22
41.22
41.22
41.19
41.19
41.19
41.19
41.19
41.26
41.26
41.26
41.26
41.26
41.19
41.19
41.19
41.19
41.19
41.29
41.29
41.29
41.29
41.29
43.67
43.67
43.67
43.67
43.67
41.69
41.69
41.69
41.69
41.69
42.85
42.85
42.85
42.85
42.85
40.86
40.86
40.86
40.86
40.86
41.16
41.16
41.16
41.16
41.16
41.33
41.33
41.33
41.33
41.33
41.33
41.33
41.33
41.33
41.33
41.21
41.21
41.21
41.21
41.21
41.20
41.20
41.20
41.20
41.20
41.28
41.28
41.28
41.28
41.28
41.23
41.23
41.23
41.23
41.23
41.33
41.33
41.33
41.33
41.33
41.18
41.18
41.18
41.18
41.18
41.34
41.34
41.34
41.34
41.34
41.21
41.21
41.21
41.21
41.21
52.54
52.54
52.54
52.54
52.54
43.21
43.21
43.21
43.21
43.21
61.78
61.78
61.78
61.78
61.78
67.12
67.12
67.12
67.12
67.12
69.83
69.83
69.83
